43 84 55
73 61 44
30 50 7
86 73 89
25 92 97
6 41 10
47 93 58
87 62 8
42 98 82
8 28 64
39 61 61
58 61 37
1 69 45
19 70 18
91 82 47
96 24 50
91 49 4
94 75 65
56 32 67
34 36 33
90 53 83
52 48 94
14 54 8
59 56 94
2 24 81
58 81 99
6 84 42
58 99 14
74 84 6
44 70 10
63 86 42
76 19 68
39 1 18
100 80 81
100 19 56
15 6 19
2 53 59
41 40 88
34 36 86
31 11 83
50 72 79
51 20 12
53 39 2
10 87 35
12 40 45
57 80 24
31 15 50
17 53 91
59 76 70
77 64 25
2 54 41
79 70 24
27 72 84
4 94 24
11 60 48
60 55 92
50 82 18
30 77 73
16 7 16
95 70 26
67 7 41
1 66 10
83 17 99
24 53 19
84 62 11
33 41 38
58 74 44
96 23 18
36 56 49
48 97 98
1 91 81
41 56 82
93 5 67
22 82 51
27 68 15
64 36 36
94 84 64
82 34 85
97 83 69
31 52 26
25 6 45
13 14 96
9 49 2
84 55 78
44 14 2
9 4 4
63 99 85
7 91 60
56 18 44
84 83 49
94 42 81
32 23 63
99 84 22
71 6 88
42 4 92
78 81 7
63 89 43
70 38 3
49 40 100
1 90 41
